[history/.dummy_history]
version = 10.0.2
modtime = 1768299719.397431000

[ui-tour/search-tour]
version = 10.0.2
modtime = 1768299721.381924000
