[history/.dummy_history]
version = 10.0.2
modtime = 1768753856.364889000

[ui-tour/adddata-tour%3Aenterprise]
version = 10.0.2
modtime = 1768753927.397313000
