[history/.dummy_history]
version = 10.0.2
modtime = 1768235959.444928000

[ui-tour/adddata-tour%3Aenterprise]
version = 10.0.2
modtime = 1768244712.533205000
